#usda 1.0
(
    defaultPrim = "camera01"
    doc = """Generated from Composed Stage of root layer 
"""
    endTimeCode = 1001
    framesPerSecond = 24
    metersPerUnit = 1
    startTimeCode = 1001
    timeCodesPerSecond = 24
    upAxis = "Y"
)

def Xform "camera01" (
    kind = "component"
)
{
    matrix4d xformOp:transform.timeSamples = {
        1000: ( (0.8498716578013796, 0, -0.526989720265903, 0), (0.09151080457337943, 0.984807753012208, 0.14757866462798258, 0), (0.5189835622755959, -0.17364817766693033, 0.8369601976681369, 0), (16.21790717343794, 2, 45.35843766730045, 1) ),
        1001: ( (0.8501196990477908, 0, -0.5265894959936949, 0), (0.09144130635785243, 0.984807753012208, 0.14762173653840813, 0), (0.5185894183093818, -0.17364817766693033, 0.8372044706106694, 0), (16.203803465690044, 2, 44.957248759612284, 1) ),
        1002: ( (0.8503894942142544, 0, -0.5261536924987076, 0), (0.091365629875127, 0.984807753012208, 0.14766858597740787, 0), (0.5181602356487285, -0.17364817766693033, 0.8374701669823279, 0), (16.18844655652755, 2, 44.5583648185478, 1) ),
        1003: ( (0.8507098938037985, 0, -0.5256354978350777, 0), (0.09127564631611094, 0.984807753012208, 0.14772422278225744, 0), (0.5176499135264162, -0.17364817766693033, 0.8377856989821729, 0), (16.170187138785042, 2, 44.16438225774361, 1) ),
        1004: ( (0.851091210959553, 0, -0.5250178574366796, 0), (0.09116839418647564, 0.984807753012208, 0.14779043781146733, 0), (0.5170416564735002, -0.17364817766693033, 0.8381612230735165, 0), (16.148424730928003, 2, 43.775727126611756, 1) ),
        1005: ( (0.8515436783330085, 0, -0.5242836673892195, 0), (0.091040903422673, 0.984807753012208, 0.14786900794632163, 0), (0.5163186204225771, -0.17364817766693033, 0.8386068164508805, 0), (16.122557334567446, 2, 43.392822639152435, 1) ),
        1006: ( (0.8520774264658206, 0, -0.523415761424304, 0), (0.09089019313347917, 0.984807753012208, 0.14796169233691758, 0), (0.5154638998994427, -0.17364817766693033, 0.8391324557502298, 0), (16.091981035494694, 2, 43.01608841292304, 1) ),
        1007: ( (0.8527024587020177, 0, -0.5223968959742524, 0), (0.0907132690047899, 0.984807753012208, 0.1480702280457163, 0), (0.5144605133049557, -0.17364817766693033, 0.8397479923423191, 0), (16.056089545720546, 2, 42.645939586163045, 1) ),
        1008: ( (0.8534286225948172, 0, -0.5212097333472515, 0), (0.09050712037801692, 0.984807753012208, 0.14819632508238845, 0), (0.5132913863457989, -0.17364817766693033, 0.8404631241739057, 0), (16.014273688616917, 2, 42.28278581197634, 1) ),
        1009: ( (0.8542655777636271, 0, -0.519836823097572, 0), (0.09026871701505981, 0.984807753012208, 0.1483416608222412, 0), (0.5119393336877245, -0.17364817766693033, 0.8412873641130733, 0), (15.965920829790193, 2, 41.927030128209196, 1) ),
        1010: ( (0.8552227601472528, 0, -0.518260581682723, 0), (0.08999500556580815, 0.984807753012208, 0.14850787379885272, 0), (0.5103870389217624, -0.17364817766693033, 0.8422300047455146, 0), (15.910414256918077, 2, 41.57906770137394, 1) ),
        1011: ( (0.8563093425889786, 0, -0.5164632705186606, 0), (0.08968290575746828, 0.984807753012208, 0.14869655685974328, 0), (0.5086170329528182, -0.17364817766693033, 0.8433000795584131, 0), (15.8471325124565, 2, 41.2392844426522, 1) ),
        1012: ( (0.8575341916781111, 0, -0.5144269725655612, 0), (0.08932930632872567, 0.984807753012208, 0.14890924967198813, 0), (0.5066116709411631, -0.17364817766693033, 0.8445063204376606, 0), (15.77544868387286, 2, 40.908055493678674, 1) ),
        1013: ( (0.8589058207609195, 0, -0.5121335676003002, 0), (0.0889310607358558, 0.984807753012208, 0.14914743056265276, 0), (0.5043531079505773, -0.17364817766693033, 0.8458571113926674, 0), (15.694729656888365, 2, 40.585743579458146, 1) ),
        1014: ( (0.8604323390218416, 0, -0.5095647063576938, 0), (0.088484982662398, 0.984807753012208, 0.14941250767683717, 0), (0.501823273482446, -0.17364817766693033, 0.8473604384111382, 0), (15.604335338117906, 2, 40.272697225409225, 1) ),
        1015: ( (0.8621213965235162, 0, -0.5067017837508985, 0), (0.08798784136892653, 0.984807753012208, 0.14970580943397763, 0), (0.49900384510300005, -0.17364817766693033, 0.8490238353340708, 0), (15.503617854483515, 2, 39.969248835165835, 1) ),
        1016: ( (0.8639801250818824, 0, -0.503525911412208, 0), (0.08743635692481012, 0.984807753012208, 0.1500285742609154, 0), (0.49587622140128074, -0.17364817766693033, 0.850854325629095, 0), (15.391920737851308, 2, 39.67571262541239, 1) ),
        1017: ( (0.8660150748405017, 0, -0.5000178898289542, 0), (0.08682719536966184, 0.984807753012208, 0.15038193957814341, 0), (0.4924214945483582, -0.17364817766693033, 0.8528583599283736, 0), (15.268578104503439, 2, 39.392382413682725, 1) ),
        1018: ( (0.8682321463966993, 0, -0.49615818038542947, 0), (0.08615696385846992, 0.984807753012208, 0.1507669300136343, 0), (0.4886204227640006, -0.17364817766693033, 0.8550417491858999, 0), (15.132913840311202, 2, 39.11952925473237, 1) ),
        1019: ( (0.8706365183214049, 0, -0.49192687766087967, 0), (0.08542220585119474, 0.984807753012208, 0.15118444481679297, 0), (0.48445340303552226, -0.17364817766693033, 0.8574095932984748, 0), (14.984240803827099, 2, 38.85739892080933, 1) ),
        1020: ( (0.8732325699050929, 0, -0.4873036823757308, 0), (0.08461939641493028, 0.984807753012208, 0.15163524444342974, 0), (0.4799004444750182, -0.17364817766693033, 0.8599662050253104, 0), (14.821860060964662, 2, 38.60620922090866, 1) ),
        1021: ( (0.8760237989543908, 0, -0.4822678754235215, 0), (0.08374493771459669, 0.984807753012208, 0.1521199362812913, 0), (0.4749411427458097, -0.17364817766693033, 0.8627150290334918, 0), (14.64506016649095, 2, 38.36614715392068, 1) ),
        1022: ( (0.8790127344581908, 0, -0.4767982934746454, 0), (0.08279515477657441, 0.984807753012208, 0.15263895948469017, 0), (0.4695546560368209, -0.17364817766693033, 0.8656585558908876, 0), (14.453116509221564, 2, 38.13736589048641, 1) ),
        1023: ( (0.8822008439390487, 0, -0.4708733066900587, 0), (0.0817662916187303, 0.984807753012208, 0.1531925688862438, 0), (0.46371968311486506, -0.17364817766693033, 0.8687982308250882, 0), (14.245290739583899, 2, 37.91998157837271, 1) ),
        1024: ( (0.8855884353058202, 0, -0.46447079913875006, 0), (0.08065450784994678, 0.984807753012208, 0.15378081795376392, 0), (0.45741444403961706, -0.17364817766693033, 0.872134357067122, 0), (14.020830300105862, 2, 37.71406996629657, 1) ),
        1025: ( (0.8891745530275454, 0, -0.45756815257212197, 0), (0.07945587585257292, 0.984807753012208, 0.15440354076104057, 0), (0.4506166641844986, -0.17364817766693033, 0.8756659936026915, 0), (13.778968081397057, 2, 37.519662841386065, 1) ),
        1026: ( (0.8929519125453961, 0, -0.45015206528629775, 0), (0.0781579198975437, 0.9848117347876978, 0.15503930657009005, 0), (0.4433150363328639, -0.17362559438183423, 0.8793895220758241, 0), (13.522935048777388, 2.000366087567953, 37.337731003755835, 1) ),
        1027: ( (0.8969001090284294, 0, -0.44223319009860795, 0), (0.0767525520264223, 0.9848238710717228, 0.1556630615295038, 0), (0.43552180218930814, -0.17355674278836516, 0.8832886373380281, 0), (13.256552635651408, 2.0015392054326626, 37.16899090170602, 1) ),
        1028: ( (0.9009973502922172, 0, -0.43382458985908534, 0), (0.07524252357125893, 0.9848444430617528, 0.15626895282497608, 0), (0.42724973658626425, -0.1734399693565069, 0.8873422336486536, 0), (12.979924629878374, 2.0036316363354056, 37.01305992291155, 1) ),
        1029: ( (0.9052217290624883, 0, -0.42493955009285606, 0), (0.0736308137926704, 0.9848737243341086, 0.15685104518775586, 0), (0.41851179731681165, -0.1732736192161471, 0.8915290956499342, 0), (12.693150919919475, 2.006755663017458, 36.86955848950622, 1) ),
        1030: ( (0.9095513117115511, 0, -0.4155916401514795, 0), (0.07192064184668859, 0.9849119800255544, 0.15740334455945482, 0), (0.40932118518366134, -0.1730560360176498, 0.895827983352664, 0), (12.396329190836521, 2.0110235682200948, 36.7381098434791, 1) ),
        1031: ( (0.9139642254561133, 0, -0.4057947690476146, 0), (0.0701154771414002, 0.9849594659867272, 0.15791982215154274, 0), (0.39969139902134576, -0.17278556179015972, 0.9002177154362262, 0), (12.089556570592215, 2.0165476346845943, 36.61833988065561, 1) ),
        1032: ( (0.9184387440252835, 0, -0.3955632357452596, 0), (0.06821904797423078, 0.985016427907323, 0.1583944388107962, 0), (0.3896362854852579, -0.17246053679812512, 0.9046772508914729, 0), (11.77293123077218, 2.0234401451522306, 36.509877040355704, 1) ),
        1033: ( (0.9229533717644215, 0, -0.3849117737205314, 0), (0.06623534835131908, 0.9850831004129482, 0.15882116958892115, 0), (0.37917008344206826, -0.17207929939656727, 0.9091857689942807, 0), (11.446553944636403, 2.0318133823642803, 36.41235225723327, 1) ),
        1034: ( (0.9274869261003994, 0, -0.37385558965037863, 0), (0.06416864290198708, 0.9851597061335453, 0.15919402840239957, 0), (0.3683074628363503, -0.1716401858856682, 0.9137227475597748, 0), (11.11052960423682, 2.041779629062022, 36.32539898119802, 1) ),
        1035: ( (0.9320186182570858, 0, -0.36241039612868803, 0), (0.062023469813754645, 0.9852464547432924, 0.1595070926574607, 0), (0.3570635579479021, -0.17114153036529, 0.9182680393925358, 0), (10.764968697212783, 2.053451167986728, 36.24865327069379, 1) ),
        1036: ( (0.9365281320766704, 0, -0.35059243835111814, 0), (0.05980464172662999, 0.985343541971873, 0.15975452770508008, 0), (0.34545399499344626, -0.1705816645900836, 0.9228019468167286, 0), (10.40998874281018, 2.066940281879676, 36.18175396394846, 1) ),
        1037: ( (0.9409957007729991, 0, -0.3384185147516789, 0), (0.05751724453944117, 0.9854511485870071, 0.15993061098219624, 0), (0.33349491406515097, -0.16995891782589245, 0.9273052941421877, 0), (10.045715685672649, 2.082359253482145, 36.12434293211268, 1) ),
        1038: ( (0.9454021814176328, 0, -0.32590599161534517, 0), (0.0551666340956199, 0.9855694393481318, 0.1600297556880256, 0), (0.3212029854365327, -0.16927161670820415, 0.9317594978982771, 0), (9.672285245027972, 2.099820365535406, 36.076065417464434, 1) ),
        1039: ( (0.9497291269379345, 0, -0.31307281173188556, 0), (0.05275843073100981, 0.9856985619311144, 0.16004653383855075, 0), (0.3085954203038501, -0.16851808510344854, 0.9361466346468149, 0), (9.28984421605298, 2.119435900780738, 36.036570459072465, 1) ),
        1040: ( (0.9539588553892143, 0, -0.2999374971964993, 0), (0.050298511681812944, 0.9858386458238786, 0.15997569853804636, 0), (0.29568997606800024, -0.16769664397399658, 0.9404495061686002, 0), (8.898551719454765, 2.1413181419594207, 36.00551140748393, 1) ),
        1041: ( (0.9580745162499297, 0, -0.28651914650239896, 0), (0.04779300136651997, 0.9859898011928218, 0.1598122053039742, 0), (0.28250495629783734, -0.16680561124776283, 0.944651701805177, 0), (8.498580394656285, 2.1655793718127225, 35.98254652913245, 1) ),
        1042: ( (0.9620601534800869, 0, -0.27283742610916045, 0), (0.04524825957146285, 0.9861521177198999, 0.15955123228076368, 0), (0.26905920555079527, -0.1658433016933656, 0.9487376577283195, 0), (8.09011753143393, 2.1923318730819235, 35.96733970025683, 1) ),
        1043: ( (0.9659007650782794, 0, -0.25891255670823426, 0), (0.04267086758530863, 0.986325663410254, 0.15918819917895763, 0), (0.25537209926049415, -0.16480802680185946, 0.9526927129043058, 0), (7.673366134428362, 2.2216879285083047, 35.95956118918374, 1) ),
        1044: ( (0.969582358872207, 0, -0.24476529444307812, 0), (0.040067612343168, 0.9865104833702542, 0.15871878477894488, 0), (0.24146352893330358, -0.16369809467610616, 0.9565031615182922, 0), (7.248545914638631, 2.2537598208331326, 35.958888524866666, 1) ),
        1045: ( (0.9730920042808684, 0, -0.23041690737583148, 0), (0.03744546865586763, 0.9867065985558376, 0.15813894284303137, 0), (0.22735388292656217, -0.1625118099289067, 0.9601563016258583, 0), (6.815894201822065, 2.288659832797688, 35.965007448598165, 1) ),
        1046: ( (0.9764178797937347, 0, -0.21588914752508445, 0), (0.03481157961415231, 0.9869140044910161, 0.15744491628590074, 0), (0.21306402311013284, -0.1612474735910822, 0.9636404798038624, 0), (6.375666771662177, 2.326500247143254, 35.977612944831776, 1) ),
        1047: ( (0.9795493159229711, 0, -0.20120421882962422, 0), (0.032173235270915514, 0.9871326699564362, 0.15663324946153645, 0), (0.19861525773978603, -0.1599033830307464, 0.9669451315810431, 0), (5.92813858162925, 2.3673933466110935, 35.996410346076544, 1) ),
        1048: ( (0.9824768333988442, 0, -0.18638474142101796, 0), (0.029537849716863053, 0.9873625356478776, 0.15570079843436177, 0), (0.1840293108955303, -0.1584778318850739, 0.9700608174399802, 0), (5.4736044096490675, 2.411451413942489, 36.02111650587006, 1) ),
        1049: ( (0.9851921763956121, 0, -0.1714537126132799, 0), (0.02691293667612046, 0.9876035128045787, 0.15464473911363258, 0), (0.16932828886026194, -0.15696911000593827, 0.9729792541958946, 0), (5.0123793900133835, 2.4587867318787255, 36.051461032910545, 1) ),
        1050: ( (0.9876883405951378, 0, -0.15643446504023087, 0), (0.02430608375799776, 0.9878554818072917, 0.1534625731428768, 0), (0.1545346438335832, -0.15537550342085338, 0.9756933415740542, 0), (4.544799441401786, 2.509511583161062, 36.08718757854447, 1) ),
        1051: ( (0.9900313528684823, 0, -0.14084715239365944, 0), (0.02163881902099765, 0.9881279247134681, 0.15210182744737524, 0), (0.13917500439654829, -0.15363334404176263, 0.9782776261112007, 0), (4.054100437262337, 2.56576718064862, 36.12822383518133, 1) ),
        1052: ( (0.9922545921927907, 0, -0.1242208689082423, 0), (0.01884233602750902, 0.9884290165714171, 0.15050928733034283, 0), (0.12278351129262086, -0.15168414287479512, 0.9807732307495927, 0), (3.523791876029257, 2.629477572282817, 36.173362218515194, 1) ),
        1053: ( (0.994302654575442, 0, -0.1065937667231503, 0), (0.015939386570758676, 0.9887565923701306, 0.14868199958419773, 0), (0.10539528955307871, -0.14953394612798612, 0.983123304522589, 0), (2.9546676049368523, 2.7004292706863406, 36.220612881506895, 1) ),
        1054: ( (0.9961199689772926, 0, -0.0880057237040723, 0), (0.01295345637268735, 0.9891084161009779, 0.14661769731589588, 0), (0.08704720198075523, -0.1471887944043798, 0.9852706447616851, 0), (2.347572424127493, 2.7784087884819084, 36.26794046343976, 1) ),
        1055: ( (0.9976512190495055, 0, -0.06849850457517712, 0), (0.009908632382212106, 0.9894821930516593, 0.14431496331979232, 0), (0.06777805052780538, -0.1446547255836422, 0.987158116125766, 0), (1.7034122960324507, 2.863202638292244, 36.31327676220894, 1) ),
        1056: ( (0.9988417597629518, 0, -0.048115890864140275, 0), (0.006829462616086017, 0.9898755817234894, 0.14177337954622812, 0), (0.047628745459284784, -0.14193777759139167, 0.9887290679950658, 0), (1.0231636568842055, 2.954597332740027, 36.354533660124694, 1) ),
        1057: ( (0.9996380278589573, 0, -0.02690377776920165, 0), (0.0037408086350378717, 0.9902862053750598, 0.13899366098718638, 0), (0.026642439997316594, -0.13904399103832166, 0.9899277493570552, 0), (0.3078817322103743, 3.052379384447979, 36.38961630807917, 1) ),
        1058: ( (0.9999879447162356, 0, -0.004910236470772806, 0), (0.000667691066668606, 0.9907116631947561, 0.13597777244285056, 0), (0.004864628540638877, -0.13597941171324487, 0.9906997198845277, 0), (-0.44129223396651085, 3.1563353060388266, 36.41643655560612, 1) ),
        1059: ( (0.9998413099309987, 0, 0.017814459168454057, 0), (-0.0023648711098632814, 0.991149541104042, 0.13272902679474774, 0), (-0.01765679302982993, -0.13275009291615253, 0.9909922555149736, 0), (-1.223124917779765, 3.2662516101352437, 36.43292659767155, 1) ),
        1060: ( (0.9991501836506596, 0, 0.04121784214212688, 0), (-0.0053320265188461224, 0.9915974221928667, 0.12925216359374378, 0), (-0.040871506016485516, -0.12936209761928563, 0.9907547464915234, 0), (-2.036286093892253, 3.381914809359955, 36.43705279318507, 1) ),
        1061: ( (0.9978692554907298, 0, 0.06524529827027072, 0), (-0.008209261325417098, 0.9920528967880183, 0.1255534069748504, 0), (-0.06472678715082035, -0.125821500446074, 0.9899390855252816, 0), (-2.879345114748206, 3.50311141633569, 36.426829595426305, 1) ),
        1062: ( (0.9959561977031746, 0, 0.08984014835603882, 0), (-0.0109725716684213, 0.9925135721547288, 0.12164050213494433, 0), (-0.08916756656776287, -0.12213438945956229, 0.988500043492019, 0), (-3.7507687400955425, 3.6296279436851155, 36.40033352104821, 1) ),
        1063: ( (0.9933720001554514, 0, 0.11494376584729597, 0), (-0.013598636905203148, 0.9929770818313578, 0.11752272985257488, 0), (-0.11413652518575484, -0.11830686775365515, 0.9863956298873392, 0), (-4.648920353373229, 3.7612509040309607, 36.35571707224289, 1) ),
        1064: ( (0.9900812846247447, 0, 0.14049572888815992, 0), (-0.01606499182480894, 0.9934410945965233, 0.11321089878863415, 0), (-0.13957423069278996, -0.11434505484218171, 0.9835874351371383, 0), (-5.572060587785625, 3.8977668099959573, 36.291222516225346, 1) ),
        1065: ( (0.9860525959125366, 0, 0.166434005221733, 0), (-0.018350195865676842, 0.9939033230676286, 0.10871731557951712, 0), (-0.16541931086133546, -0.1102550878423532, 0.9800409517969317, 0), (-6.5183493702528565, 4.038962174202767, 36.205195417571396, 1) ),
        1066: ( (0.9812586673407484, 0, 0.19269516799509637, 0), (-0.020433997295364673, 0.9943615319293597, 0.1040557330166382, 0), (-0.19160866244298935, -0.10604312245071276, 0.9757258716759085, 0), (-7.485849376060246, 4.18462350927412, 36.0960978122883, 1) ),
        1067: ( (0.9756766583014257, 0, 0.21921464012643624, 0), (-0.022297490274832205, 0.9948135457903795, 0.09924127689331849, 0), (-0.21807769343334205, -0.10171533371115954, 0.9706163559897498, 0), (-8.472530871102252, 4.334537327832752, 35.96252090792164, 1) ),
        1068: ( (0.9692883616954401, 0, 0.24592696452762092, 0), (-0.02392326273911011, 0.9952572566661497, 0.0942903523871097, 0), (-0.2447605960559935, -0.09727791657601338, 0.9646912757794304, 0), (-9.476277902341078, 4.48849014250132, 35.80319719160341, 1) ),
        1069: ( (0.9620803793092166, 0, 0.2727660971386177, 0), (-0.02529553307980932, 0.9956906310855573, 0.08922053112738655, 0), (-0.2715906473986947, -0.09273708626242622, 0.9579344200294263, 0), (-10.494895780690833, 4.646268465902556, 35.61701182778524, 1) ),
        1070: ( (0.9540442634384148, 0, 0.29966571942791953, 0), (-0.026400273711992436, 0.9961117168188047, 0.08405042036911653, 0), (-0.2985005342510872, -0.08809907840774113, 0.9503346691747714, 0), (-11.52611978423727, 4.807658810659198, 35.40301322950246, 1) ),
        1071: ( (0.9451766233691657, 0, 0.3265595667507876, 0), (-0.027225319746726897, 0.9965186492238616, 0.07879951594863246, 0), (-0.32542269834962434, -0.08337014902859596, 0.9418861319978116, 0), (-12.567624993781731, 4.972447689393899, 35.160422691365504, 1) ),
        1072: ( (0.9354791956656376, 0, 0.35338176873852967, 0), (-0.02776046116853906, 0.9969096572086482, 0.07348804093079016, 0), (-0.3522896979369134, -0.07855657428971463, 0.9325882442768527, 0), (-13.617037157404898, 5.140421614729394, 34.8886429790222, 1) ),
        1073: ( (0.9249588775813706, 0, 0.38006719772089115, 0), (-0.027997517130582135, 0.9972830688060441, 0.06813677206414963, 0), (-0.37903458129560386, -0.07366465008943653, 0.9224458279537434, 0), (-14.671944466343284, 5.31136709928842, 34.5872657784876, 1) ),
        1074: ( (0.9136277233042647, 0, 0.40655182106327614, 0), (-0.027930391225447517, 0.9976373163587755, 0.06276685633719344, 0), (-0.4055912677263399, -0.06870069147003133, 0.9114691100282445, 0), (-15.729910111228595, 5.485070655693629, 34.25607791935876, 1) ),
        1075: ( (0.9015029031543181, 0, 0.43277305323267995, 0), (-0.02755510686130568, 0.9979709413112458, 0.05739962007024222, 0), (-0.4318949313087595, -0.06367103186179826, 0.8996737008557357, 0), (-16.788485475884624, 5.661318796567756, 33.89506629835304, 1) ),
        1076: ( (0.888606626271843, 0, 0.4586701033921584, 0), (-0.026869822166028304, 0.9982825986054116, 0.052056373081426785, 0), (-0.4578823827169367, -0.058582022170856146, 0.8870805320126431, 0), (-17.84522381562921, 5.839898034533541, 33.504421443620735, 1) ),
        1077: ( (0.8749660277541174, 0, 0.4841843143640458, 0), (-0.02587482415021446, 0.9985710606778988, 0.04675821052833059, 0), (-0.4834924443581064, -0.053440029721326006, 0.8737157543915568, 0), (-18.897694258601216, 6.020594882213633, 33.08453967564041, 1) ),
        1078: ( (0.8606130216127998, 0, 0.5092594888958737, 0), (-0.024572502177374944, 0.998835221055666, 0.04152581504825271, 0), (-0.5086663141660055, -0.04825143706335375, 0.8596105976860056, 0), (-19.94349596217279, 6.203195852230767, 32.63602383694125, 1) ),
        1079: ( (0.8455841213253359, 0, 0.5338421993084281, 0), (-0.02296730110952238, 0.9990740975476824, 0.03637926179884012, 0), (-0.5333479135069379, -0.04302264065912292, 0.8448011929137599, 0), (-20.980272252146452, 6.387487457207686, 32.159682580113106, 1) ),
        1080: ( (0.8299202301335958, 0, 0.5578820768002851, 0), (-0.021065654812597975, 0.9992868350302676, 0.03133782893735952, 0), (-0.5574842148458696, -0.03776004945959076, 0.8293283600977923, 0), (-22.005724570276495, 6.573256209767035, 31.65652822124414, 1) ),
        1081: ( (0.8136664035952837, 0, 0.581332076923609, 0), (-0.018875901012210324, 0.9994727078239591, 0.02641981597248759, 0), (-0.5810255450677656, -0.03247008338521589, 0.8132373636667607, 0), (-23.017626055729007, 6.760288622531551, 31.12777318374165, 1) ),
        1082: ( (0.7968715872119057, 0, 0.6041487180275882, 0), (-0.016408178780007398, 0.9996311216600066, 0.02164237227940974, 0), (-0.603925860651373, -0.02715917172443313, 0.796577638543627, 0), (-24.013834588408134, 6.948371208123977, 30.574825075110788, 1) ),
        1083: ( (0.7795883322352832, 0, 0.6262922897837795, 0), (-0.013674310198956988, 0.9997616152348561, 0.017021337890257542, 0), (-0.6261429912433679, -0.021833751463997575, 0.7794024902537944, 0), (-24.992305126600026, 7.137290479166957, 29.99928045634571, 1) ),
        1084: ( (0.7618724929878958, 0, 0.6477270292556955, 0), (-0.010687667996759536, 0.9998638613512659, 0.012571098461453527, 0), (-0.6476388485731841, -0.016500265565636125, 0.7617687726961928, 0), (-25.951101178024157, 7.326832948283231, 29.402917379804734, 1) ),
        1085: ( (0.7437829092165803, 0, 0.6684212623468229, 0), (-0.007463031146090915, 0.9999376676449864, 0.008304456081968972, 0), (-0.6683795980753996, -0.011165161203711952, 0.74373654747623, 0), (-26.888405252004937, 7.516785128095538, 28.787686786481625, 1) ),
        1086: ( (0.7253810771306912, 0, 0.6883475088505211, 0), (-0.004016430604595138, 0.9999829768962447, 0.004232517326963359, 0), (-0.6883357910394582, -0.005834887978751051, 0.7253687288933531, 0), (-27.802528150936773, 7.706933531226527, 28.155702867141194, 1) ),
        1087: ( (0.7067308128525902, 0, 0.7074825497245265, 0), (-0.0003649875036254859, 0.999999866925587, 0.00036459968548865966, 0), (-0.7074824555767014, -0.0005158961217737478, 0.7067307188048021, 0), (-28.691916971295285, 7.897064670298931, 27.509232503596273, 1) ),
        1088: ( (0.687897912028811, 0, 0.7258074556150566, 0), (0.0034732538093757877, 0.9999885500739435, -0.003291842795126772, 0), (-0.7257991451733585, 0.004785365295583134, 0.6878900356485839, 0), (-29.555161697918486, 8.086965057935496, 26.850683916220476, 1) ),
        1089: ( (0.6689498093136588, 0, 0.743307576053964, 0), (0.0074794954154788025, 0.9999493722671045, -0.006731274095857841, 0), (-0.7432699440765443, 0.01006245013024836, 0.6689159419013924, 0), (-30.39100028990097, 8.276421206758863, 26.1825946513992, 1) ),
        1090: ( (0.6499552413439553, 0, 0.7599724891399168, 0), (0.011634355683615592, 0.9998828116650996, -0.00995011077938323, 0), (-0.7598834292293444, 0.015308916901429596, 0.6498790741714624, 0), (-31.19832217192511, 8.465219629391775, 25.507619047854902, 1) ),
        1091: ( (0.6309839166753798, 0, 0.7757959118846899, 0), (0.01591803690063387, 0.999789476897286, -0.01294673652629156, 0), (-0.7756325889222471, 0.02051833047426504, 0.6308510799834787, 0), (-31.976170060912214, 8.653146838456971, 24.82851532351003, 1) ),
        1092: ( (0.6121061959490929, 0, 0.7907755717526501, 0), (0.020310488295908303, 0.9996701048842368, -0.01572149693638452, 0), (-0.790514698753864, 0.025684263679128044, 0.6119042651047208, 0), (-32.72374007423773, 8.839989346577095, 24.148132424667345, 1) ),
        1093: ( (0.5933927853050436, 0, 0.8049130402397034, 0), (0.024791562189779116, 0.9995255582478055, -0.01827667512440257, 0), (-0.8045311558865279, 0.030800298852651432, 0.5931112549922439, 0), (-33.4403800821197, 9.025533666374887, 23.4693967767509, 1) ),
        1094: ( (0.5749144457588197, 0, 0.8182135296228175, 0), (0.02934116113524974, 0.9993568223109999, -0.020616448862399633, 0), (-0.817687272935726, 0.03586002928694606, 0.5745446736142237, 0), (-34.12558628288734, 9.209566310473088, 22.795299070648092, 1) ),
        1095: ( (0.5567417209155924, 0, 0.8306856542591455, 0), (0.033939374094027454, 0.9991650016895366, -0.022746830215527206, 0), (-0.829992033141313, 0.0408570605740105, 0.5562768425192633, 0), (-34.778997995423644, 9.391873791494344, 22.128881210840497, 1) ),
        1096: ( (0.538944685012021, 0, 0.8423411580216732, 0), (0.03856659988736712, 0.9989513164771647, -0.02467558878055786, 0), (-0.8414578087286498, 0.045785011832907264, 0.5383795026011292, 0), (-35.400390677909776, 9.572242622061392, 21.473223541078383, 1) ),
        1097: ( (0.5215927128592012, 0, 0.8531946096244274, 0), (0.04320365638526687, 0.9987170980270287, -0.026412159764286108, 0), (-0.8521000445764118, 0.05063751680790029, 0.5209235605387866, 0), (-35.98966719588912, 9.750459314796972, 20.831432450435578, 1) ),
        1098: ( (0.5047542728110639, 0, 0.863263067713993, 0), (0.04783187414030492, 0.9984637843314983, -0.02796753823004838, 0), (-0.8619369094633319, 0.055408224826492936, 0.5039788613884284, 0), (-36.5468473754642, 9.926310382323733, 20.206628447289212, 1) ),
        1099: ( (0.48849674340769494, 0, 0.8725657176855373, 0), (0.05243317343059075, 0.9981929150030154, -0.029354160893821923, 0), (-0.8709889172682247, 0.06009080160709118, 0.48761398827160707, 0), (-37.072055889020675, 10.09958233726441, 19.60193477126134, 1) ),
        1100: ( (0.47288625384605276, 0, 0.8811234822222402, 0), (0.05699012394593509, 0.9979061258585922, -0.030585776866423452, 0), (-0.8792785205474278, 0.06467892990685366, 0.4718960895472973, 0), (-37.565508531177834, 10.270061692241745, 19.02046659360028, 1) ),
        1101: ( (0.45798754791531904, 0, 0.8889586075597183, 0), (0.061485986628745395, 0.997605143110646, -0.031677308715818336, 0), (-0.8868296789140534, 0.06916631000123917, 0.4568907332809557, 0), (-38.027496951694566, 10.437534959878384, 18.46887037251583, 1) ),
        1102: ( (0.4438638705044658, 0, 0.8960942274453032, 0), (0.06590473746291069, 0.9972917771668658, -0.032644705164841345, 0), (-0.8936674045978961, 0.07354665998775609, 0.4426617882355623, 0), (-38.458371919854365, 10.60178865279707, 17.953506810110984, 1) ),
        1103: ( (0.4305768752488451, 0, 0.9025539067008356, 0), (0.07023107328718642, 0.9969679160417717, -0.03350478664693521, 0), (-0.8998172874788917, 0.07781371590745938, 0.42927133001261897, 0), (-38.85852520152459, 10.762609283620533, 17.47702133638116, 1) ),
        1104: ( (0.41818655133322874, 0, 0.9083611662130988, 0), (0.0744503999920987, 0.9966355183825626, -0.03427508481881888, 0), (-0.9053050017673808, 0.08196123167889022, 0.4167795703686085, 0), (-39.22837013581293, 10.919783364971428, 17.042014224570075, 1) ),
        1105: ( (0.4067511669133776, 0, 0.9135389910751515, 0), (0.07854880373944698, 0.9962966061117243, -0.034973676977999524, 0), (-0.9101557963589022, 0.08598297884034731, 0.4052448071277816, 0), (-39.56832100325507, 11.073097409472492, 16.651032686507932, 1) ),
        1106: ( (0.3963272260586534, 0, 0.9181093234929341, 0), (0.0825130061201354, 0.9959532566887229, -0.035619016159142224, 0), (-0.9143939707290679, 0.08987274609761703, 0.39472339150752356, 0), (-39.878771282066026, 11.222337929746457, 16.306563357816852, 1) ),
        1107: ( (0.3869694355557893, 0, 0.9220925419640015, 0), (0.08633030443911544, 0.9956075949929017, -0.03622975749159477, 0), (-0.9180423380656708, 0.09362433867563563, 0.38526970906946006, 0), (-40.160070893539114, 11.36729143841598, 16.01102504556998, 1) ),
        1108: ( (0.3787306773499668, 0, 0.9255069281394037, 0), (0.08998849858605465, 0.9952617848294635, -0.036824581196511066, 0), (-0.921121677172057, 0.09723157747394, 0.3769361699089996, 0), (-40.41250254260445, 11.507744448103802, 15.76676158227631, 1) ),
        1109: ( (0.3716619818347826, 0, 0.9283681227070659, 0), (0.09347580621808141, 0.9949180200601383, -0.037422012392360454, 0), (-0.9236501745306616, 0.10068829802720018, 0.369773203098689, 0), (-40.636257265348945, 11.643483471432644, 15.576034601207803, 1) ),
        1110: ( (0.36581249663824944, 0, 0.9306885715980887, 0), (0.09678076824834471, 0.9945785153598179, -0.038040237669087436, 0), (-0.9256428578023767, 0.10398834927365885, 0.3638292498065385, 0), (-40.83140930250357, 11.774295021025171, 15.441016019338809, 1) ),
        1111: ( (0.36074784180750014, 0, 0.9326633876330896, 0), (0.09991211766364827, 0.994245496600079, -0.03864532616536836, 0), (-0.9272963729979732, 0.1071255921358776, 0.3586719171253047, 0), (-41.00659776899339, 11.89996560950412, 15.342605374282453, 1) ),
        1112: ( (0.3560050554128613, 0, 0.9344840290344643, 0), (0.10288098930022321, 0.9939211908601305, -0.03919398422956372, 0), (-0.9288034789777075, 0.11009389791982085, 0.3538409686281779, 0), (-41.17043407415914, 12.020281749492215, 15.260252638143765, 1) ),
        1113: ( (0.35158885185112804, 0, 0.9361545167620597, 0), (0.10567981211782387, 0.993607816065298, -0.03968986224075704, 0), (-0.9301704448996146, 0.11288714654002388, 0.34934143124070494, 0), (-41.32284344937945, 12.135029953612122, 15.193874251235833, 1) ),
        1114: ( (0.3475037797223055, 0, 0.9376785819665028, 0), (0.10830114912274706, 0.993307570252706, -0.040136417096672164, 0), (-0.9314032339311497, 0.11549922458036475, 0.34517813508959483, 0), (-41.4637447028867, 12.243996734486574, 15.143373820188257, 1) ),
        1115: ( (0.34375422608089246, 0, 0.9390596530846838, 0), (0.11073769231821093, 0.9930226204633542, -0.04053688133207207, 0), (-0.932507477477561, 0.11792402320177703, 0.3413557223782001, 0), (-41.593049621128415, 12.346968604738295, 15.108641375566435, 1) ),
        1116: ( (0.3403444202994433, 0, 0.9403008431193901, 0), (0.11298225769169758, 0.9927550912592896, -0.040894232180668975, 0), (-0.9334884493221771, 0.12015543591015605, 0.33787865603396383, 0), (-41.71066238422979, 12.443732076989956, 15.089552615240294, 1) ),
        1117: ( (0.3372784375027871, 0, 0.9414049370996939, 0), (0.11502778037753306, 0.992507052864076, -0.04121116058162291, 0), (-0.934351039672508, 0.12218735619967513, 0.3347512280004917, 0), (-41.81647899898813, 12.534073663864287, 15.08596813217447, 1) ),
        1118: ( (0.3345602015310523, 0, 0.9423743797193882, 0), (0.11686731013848418, 0.9922805089242566, -0.04149004013029923, 0), (-0.9350997291051352, 0.12401367508875176, 0.3319775670410344, 0), (-41.91038675294428, 12.617779877984008, 15.097732625310911, 1) ),
        1119: ( (0.3321934873893221, 0, 0.9432112631516443, 0), (0.11849400731570583, 0.9920773838889972, -0.04173289597222675, 0), (-0.9357385624021198, 0.12562827856801687, 0.32956164591416126, 0), (-41.992263693197145, 12.694637231971797, 15.12467409222607, 1) ),
        1120: ( (0.3301819231415117, 0, 0.9439173150390732, 0), (0.11990113940195143, 0.9918995100046013, -0.0419413736392324, 0), (-0.9362711222721155, 0.12702504498181408, 0.32750728777644234, 0), (-42.061978133751246, 12.764432238450384, 15.166603002275934, 1) ),
        1121: ( (0.32852899120578705, 0, 0.9444938866595738, 0), (0.12108207839856945, 0.9917486139201045, -0.04211670782758562, 0), (-0.9367005029506446, 0.12819784236698967, 0.3258181716609095, 0), (-42.119388195315366, 12.826951410042478, 15.223311448988136, 1) ),
        1122: ( (0.32723802900859655, 0, 0.9449419412697104, 0), (0.12203029912248167, 0.9916263028997061, -0.042259691119766365, 0), (-0.9370292836761541, 0.1291405257750657, 0.32449783687398137, 0), (-42.16434138160405, 12.881981259370772, 15.294572280526827, 1) ),
        1123: ( (0.32631222895415557, 0, 0.9452620426289055, 0), (0.1227393786350317, 0.9915340506373712, -0.042370642654238864, 0), (-0.937259502041594, 0.12984693460627741, 0.32354968614742313, 0), (-42.196674196330164, 12.929308299057983, 15.38013820714163, 1) ),
        1124: ( (0.325754637666015, 0, 0.9454543437094587, 0), (0.1232029969703113, 0.9914731826685711, -0.042449376751463944, 0), (-0.9373926272254421, 0.1303108899864254, 0.3229769873757711, 0), (-42.21621180521813, 12.968719041726828, 15.479740884618217, 1) ),
        1125: ( (0.32556815445715676, 0, 0.9455185755993167, 0), (0.12341493934630578, 0.9914448613738104, -0.04249517150940228, 0), (-0.9374295331114272, 0.13052619222005157, 0.32278287376350306, 0), (-42.222767747512094, 13, 15.593089972877062, 1) ),
        1126: ( (0.3256793240337109, 0, 0.9454802895338142, 0), (0.12349377415217658, 0.9914331842141856, -0.04253855879754352, 0), (-0.9373805340642596, 0.1306148584155756, 0.32288928925946553, 0), (-42.220982424414466, 13.027007080141237, 15.718001071640025, 1) ),
        1127: ( (0.3260010236742546, 0, 0.9453694159233934, 0), (0.12356267014566326, 0.9914215609844547, -0.04260932951386555, 0), (-0.9372596220417329, 0.1307030543451344, 0.32320444377365964, 0), (-42.21578561226284, 13.053739695480012, 15.85170129618788, 1) ),
        1128: ( (0.3265155094809205, 0, 0.9451918440551711, 0), (0.12362238441802276, 0.9914099909918617, -0.04270522019986962, 0), (-0.9370726376003183, 0.1307907862256235, 0.32371073831318253, 0), (-42.20741236677187, 13.080199641454087, 15.992999066908235, 1) ),
        1129: ( (0.32720500728989754, 0, 0.9449533762066878, 0), (0.12367366492690633, 0.9913984735407978, -0.04282395666590596, 0), (-0.9368253347385336, 0.13087806027358478, 0.32439054476211004, 0), (-42.1960941536444, 13.106388713501245, 16.14070128461858, 1) ),
        1130: ( (0.32805172431459856, 0, 0.944659762122966, 0), (0.12371725494276506, 0.9913870079328309, -0.04296325559610303, 0), (-0.936523415085627, 0.1309648827052092, 0.32522621741545577, 0), (-42.182060367581, 13.132308707059263, 16.29361379752185, 1) ),
        1131: ( (0.32903785967912097, 0, 0.9443167301799662, 0), (0.12375389708018612, 0.9913755934667337, -0.0431208260118979, 0), (-0.9361725588027294, 0.13105125973634008, 0.3262001034124124, 0), (-42.16553969842795, 13.157961417565911, 16.450541833089137, 1) ),
        1132: ( (0.33014561388306873, 0, 0.9439300152202872, 0), (0.12378433690997219, 0.991364229438512, -0.04329437059877175, 0), (-0.9357784521827429, 0.1311371975824758, 0.32729455210969294, 0), (-42.14676134381227, 13.183348640458966, 16.6102903965582, 1) ),
        1133: ( (0.3313571972233348, 0, 0.9435053830521032, 0), (0.12380932614849677, 0.9913529151414325, -0.04348158689881062, 0), (-0.9353468119403364, 0.131222702458773, 0.32849192342044753, 0), (-42.12595606778509, 13.20847217117621, 16.771664637048435, 1) ),
        1134: ( (0.33265483718471106, 0, 0.9430486516069112, 0), (0.12382962542151149, 0.9913416498660498, -0.043680168369942006, 0), (-0.934883406187949, 0.13130778058004913, 0.32977459513061363, 0), (-42.10335710515199, 13.233333805155407, 16.93347018168665, 1) ),
        1135: ( (0.3340207847992115, 0, 0.9425657087556913, 0), (0.12384600660015921, 0.9913304329002334, -0.043887805311147464, 0), (-0.9343940720976948, 0.13139243816078558, 0.33112496919267803, 0), (-42.07920091131634, 13.25793533783434, 17.094513437613482, 1) ),
        1136: ( (0.3354373199637475, 0, 0.9420625267865921, 0), (0.12385925470745345, 0.9913192635291944, -0.04410218565161877, 0), (-0.9338847302525365, 0.13147668141513033, 0.3325254769866689, 0), (-42.0537277575962, 13.282278564650786, 17.253601861296257, 1) ),
        1137: ( (0.33688675569733006, 0, 0.9415451735502272, 0), (0.12387016939392474, 0.9913081410355115, -0.044320995600719205, 0), (-0.9333613956930337, 0.13156051655690085, 0.3339585835298048, 0), (-42.02718217209917, 13.306365281042513, 17.409544194214746, 1) ),
        1138: ( (0.33835144131224254, 0, 0.9410198202811288, 0), (0.12387956598150501, 0.9912970646991566, -0.044541920154726654, 0), (-0.9328301856684109, 0.13164394979958668, 0.335406790609555, 0), (-41.999813226351655, 13.330197282447301, 17.5611506637076, 1) ),
        1139: ( (0.3398137644686454, 0, 0.9404927461058102, 0), (0.12388827607502112, 0.9912860337975207, -0.04476264345567573, 0), (-0.9322973241025673, 0.1317269873563523, 0.3368526388099284, 0), (-41.97187466797866, 13.35377636430293, 17.7072331475707, 1) ),
        1140: ( (0.3412561520788507, 0, 0.9399703392492427, 0), (0.12389714774089301, 0.9912750476054383, -0.04498084899718402, 0), (-0.931769142786993, 0.1318096354400396, 0.33827870839761137, 0), (-41.943624899816704, 13.377104322047167, 17.84660530088614, 1) ),
        1141: ( (0.3426971640659572, 0, 0.9394459291205377, 0), (0.12390530878620773, 0.9912641053952119, -0.045198980183458685, 0), (-0.9312390284968435, 0.13189190026317074, 0.33970339775931724, 0), (-41.91469972264164, 13.40018295111779, 17.9796930305829, 1) ),
        1142: ( (0.3441664447708426, 0, 0.9389086527952538, 0), (0.1239113315309985, 0.9912532064366371, -0.045420949431962176, 0), (-0.9306962126343985, 0.1319737880379505, 0.3411560919269955, 0), (-41.88453621142443, 13.423014046952579, 18.107416016230268, 1) ),
        1143: ( (0.3456630775513807, 0, 0.9383586930474445, 0), (0.12391524338751349, 0.991242349997025, -0.04564664312508331, 0), (-0.9301408760364859, 0.13205530497626902, 0.3426358812992345, 0), (-41.85309830542665, 13.445599404989302, 18.229329687528853, 1) ),
        1144: ( (0.3471861464132469, 0, 0.937796235724328, 0), (0.12391707224823303, 0.991231535341227, -0.045875947407110984, 0), (-0.9295732025742489, 0.1321364572897042, 0.34414185695840677, 0), (-41.82035025222694, 13.467940820665738, 18.34498910691124, 1) ),
        1145: ( (0.34873473610650274, 0, 0.9372214700020096, 0), (0.12391684651947078, 0.991220761731657, -0.04610874820230589, 0), (-0.9289933794066553, 0.13221725118952415, 0.345673110765776, 0), (-41.786256621226144, 13.490040089419669, 18.453948967588044, 1) ),
        1146: ( (0.3503079322213468, 0, 0.9366345886325169, 0), (0.12391459515395566, 0.9912100284283141, -0.04634493123279105, 0), (-0.9284015972253794, 0.1322976928866897, 0.3472287354557851, 0), (-41.750782316571076, 13.511899006688857, 18.555763592444563, 1) ),
        1147: ( (0.3519048212830102, 0, 0.9360357881821467, 0), (0.12391034768238823, 0.9911993346888051, -0.046584382036257456, 0), (-0.9277980504910551, 0.13237778859185675, 0.34880782472950256, 0), (-41.71389258948654, 13.533519367911087, 18.64998693378345, 1) ),
        1148: ( (0.35352449084576787, 0, 0.9354252692611209, 0), (0.123904134243965, 0.991188679768366, -0.046826985983479875, 0), (-0.9271829376608987, 0.13245754451537867, 0.35040947334720046, 0), (-41.67555305000541, 13.554902968524134, 18.73617257390815, 1) ),
        1149: ( (0.35516602958604, 0, 0.9348032367445506, 0), (0.12389598561586519, 0.9911780629198842, -0.04707262829563848, 0), (-0.9265564614077015, 0.13253696686730845, 0.3520327772200374, 0), (-41.6357296780859, 13.57605160396577, 18.813873726542248, 1) ),
        1150: ( (0.3568285273945431, 0, 0.9341698999847093, 0), (0.12388593324169445, 0.9911674833939186, -0.047321194061440086, 0), (-0.9259188288301929, 0.13261606185740113, 0.35367683350080725, 0), (-41.59438883410486, 13.596967069673768, 18.882643239078593, 1) ),
